243.0 280.0 -2
247.0 95.0 false
-1 1
228.0 65.0
15.0 284.0 false
246.0 65.0
252.0 71.0 true
264.0 65.0
265.0 66.0 true
282.0 65.0
101.0 284.0 false
300.0 65.0
298.0 72.0 true
318.0 65.0
99.0 284.0 false
228.0 83.0
175.0 141.0 true
246.0 83.0
182.0 152.0 true
264.0 83.0
193.0 159.0 true
282.0 83.0
254.0 116.0 true
300.0 83.0
240.0 148.0 true
318.0 83.0
283.0 123.0 true
235.0 101.0
114.0 220.0 true
246.0 101.0
167.0 185.0 true
264.0 101.0
213.0 157.0 true
282.0 101.0
171.0 217.0 true
300.0 101.0
241.0 165.0 true
318.0 101.0
194.0 230.0 true
228.0 119.0
76.0 276.0 true
246.0 119.0
83.0 284.0 false
264.0 119.0
82.0 284.0 false
282.0 119.0
107.0 284.0 false
300.0 119.0
127.0 284.0 false
318.0 119.0
188.0 254.0 true
