1160.0 750.0 320 150 9 true
1353.319727987717 450.0 -6.264043663452336 -10.0 50 50
0.0 150.0 150 50 4
0.0 200.0 150 50 3
0.0 250.0 150 50 2
0.0 300.0 150 50 1
150.0 150.0 150 50 4
150.0 200.0 150 50 3
150.0 250.0 150 50 2
150.0 300.0 150 50 1
300.0 150.0 150 50 4
300.0 200.0 150 50 3
300.0 250.0 150 50 2
300.0 300.0 150 50 1
450.0 150.0 150 50 4
450.0 200.0 150 50 3
450.0 250.0 150 50 1
600.0 150.0 150 50 4
600.0 200.0 150 50 1
750.0 150.0 150 50 2
900.0 150.0 150 50 4
900.0 200.0 150 50 2
1050.0 150.0 150 50 4
1050.0 200.0 150 50 3
1200.0 150.0 150 50 4
1200.0 200.0 150 50 3
1200.0 250.0 150 50 2
1200.0 300.0 150 50 1
1350.0 150.0 150 50 4
1350.0 200.0 150 50 3
1350.0 250.0 150 50 2
====
645.0 5914.0 2 4
1095.0 566.0 2 4
====
